31.5028 65.8511
31.5028 65.8511
31.5028 65.8511
31.5028 65.8511
5.52 -5.25
5.52 -5.25
5.52 -5.25
5.52 -5.25
5.52 -5.25
-1.5 -79.43
32.58 59.03
32.58 59.03
32.58 59.03
32.58 59.03
32.58 59.03
32.58 59.03
32.58 59.03
32.58 59.03
32.58 59.03
32.58 59.03
32.58 59.03
32.58 59.03
32.58 59.03
32.58 59.03
32.58 59.03
32.58 59.03
32.58 59.03
32.52 20.57
32.52 20.57
32.52 20.57
32.52 20.57
32.52 20.57
32.52 20.57
32.52 20.57
32.52 20.57
32.52 20.57
32.52 20.57
32.52 20.57
32.52 20.57
32.52 20.57
32.52 20.57
32.52 20.57
32.52 20.57
32.52 20.57
32.52 20.57
32.52 20.57
32.52 20.57
32.52 20.57
32.52 20.57
34.67 -3.88
35.2 -3.88
35.2 -3.88
32.68 -3.08
32.68 -3.08
32.68 -3.08
35.68 -3.08
33.28 -8.4
31.5 -9.67
31.5 -9.67
30.07 -6.88
30.07 -6.88
29.08 -8.88
32.7 -4.67
35.12 -2.75
30.87 -6.87
30.87 -6.87
33.03 -7.77
33.03 -7.62
34.82 -2.4
30.33 -9.83
30.33 -9.83
34.48 -4.8
33.88 -4.18
31.45 -5.6
-21.33 16.17
-21.33 16.17
25.25 51.48
25.25 51.48
25.25 51.48
25.25 51.48
25.25 51.48
25.25 51.48
25.25 51.48
25.25 51.48
25.25 51.48
25.25 51.48
25.25 51.48
25.25 51.48
25.25 51.48
25.25 51.48
25.25 51.48
25.25 51.48
9.63 -12.15
9.7 -12.18
9.7 -12.18
9.7 -12.18
9.5 -12.23
9.5 -12.23
9.5 -12.23
9.5 -12.23
8.23 -11.05
8.23 -11.05
8.23 -11.05
8.23 -11.05
8.23 -11.05
8.23 -11.05
8.23 -11.05
8.23 -11.05
8.23 -11.05
8.23 -11.05
8.23 -11.05
8.23 -11.05
8.23 -11.05
8.23 -11.05
8.23 -11.05
8.23 -11.05
8.23 -11.05
8.23 -11.05
8.23 -11.05
8.23 -11.05
8.23 -11.05
8.23 -11.05
8.23 -11.05
8.23 -11.05
8.23 -11.05
8.23 -11.05
8.23 -11.05
8.23 -11.05
8.23 -11.05
8.23 -11.05
8.23 -11.05
8.23 -11.05
8.23 -11.05
8.23 -11.05
8.23 -11.05
8.23 -11.05
8.23 -11.05
8.23 -11.05
8.23 -11.05
8.23 -11.05
8.23 -11.05
8.23 -11.05
8.23 -11.05
8.23 -11.05
8.23 -11.05
8.23 -11.05
8.23 -11.05
8.23 -11.05
8.23 -11.05
8.23 -11.05
8.23 -11.05
8.23 -11.05
8.23 -11.05
8.23 -11.05
8.23 -11.05
8.23 -11.05
8.23 -11.05
8.23 -11.05
8.23 -11.05
8.23 -11.05
8.23 -11.05
8.23 -11.05
8.23 -11.05
8.23 -11.05
8.23 -11.05
8.23 -11.05
8.23 -11.05
8.23 -11.05
7.98 -10.95
7.98 -10.95
7.98 -10.95
7.98 -10.95
7.98 -10.95
7.98 -10.95
7.98 -10.95
7.98 -10.95
7.98 -10.95
7.98 -10.95
7.98 -10.95
7.98 -10.95
7.98 -10.95
7.98 -10.95
7.98 -10.95
7.98 -10.95
7.98 -10.95
7.98 -10.95
7.98 -10.95
7.98 -10.95
7.98 -10.95
7.98 -10.95
7.98 -10.95
7.98 -10.95
7.98 -10.95
7.98 -10.95
7.98 -10.95
7.98 -10.95
7.98 -10.95
7.98 -10.95
7.98 -10.95
7.98 -10.95
7.98 -10.95
7.98 -10.95
7.98 -10.95
7.98 -10.95
7.98 -10.95
7.98 -10.95
7.98 -10.95
7.98 -10.95
7.98 -10.95
7.98 -10.95
7.98 -10.95
7.98 -10.95
7.98 -10.95
7.98 -10.95
7.98 -10.95
7.98 -10.95
7.98 -10.95
7.98 -10.95
7.98 -10.95
7.98 -10.95
7.98 -10.95
7.98 -10.95
7.98 -10.95
7.98 -10.95
7.98 -10.95
7.98 -10.95
7.98 -10.95
7.98 -10.95
7.98 -10.95
7.98 -10.95
7.98 -10.95
7.98 -10.95
7.98 -10.95
7.98 -10.95
7.98 -10.95
7.98 -10.95
11.13 -60.83
44.33425 -89.38372
38.88 -36.55
40.1472 -122.4153
39.5958 -77.53
39.5958 -77.5417
39.5958 -77.5417
39.5958 -77.5417
39.5958 -77.5417
39.5958 -77.5417
10.43 -64.03
9.35 -70.3
9.35 -70.3
10.92 -63.88
10.92 -63.88
10.92 -63.88
10.92 -63.88
10.92 -63.88
10.92 -63.88
10.92 -63.88
10.53 -66.9
10.2 -68.33
8.98 -70.77
8.98 -70.77
8.98 -70.77
8.98 -70.77
8.98 -70.77
8.98 -70.77
8.98 -70.77
8.98 -70.77
8.98 -70.77
8.98 -70.77
8.98 -70.77
8.98 -70.77
8.98 -70.77
8.98 -70.77
8.98 -70.77
8.98 -70.77
11.83 -69.98
11.83 -69.98
-30.62 26.75
-30.62 26.75
-30.62 26.75
-30.62 26.75
-30.62 26.75
-30.62 26.75
-26.45 29.67
-26.45 29.67
-26.45 29.67
-27.28 28.5
-33.78 20.12
-26.92 27.52
-26.72 27.1
-29.67 22.77
-26.83 29.08
-26.83 29.08
-26.83 29.08
-26.83 59.08
-30.38 22.0
-30.38 22.0
-30.38 22.0
35.03542 70.86875
35.04069 70.86658
35.04092 70.866
35.04092 70.86831
35.04094 70.86733
35.0415 70.86925
35.04156 70.86881
35.04158 70.86908
35.04175 70.86875
35.04203 70.86883
35.14261 70.90158
35.14344 70.90158
35.14344 70.90158
35.14444 70.90008
35.14525 70.90072
35.14603 70.9005
35.14606 70.9005
35.14606 70.9005
35.14683 70.90008
35.09672 70.83306
35.09733 70.83072
35.07181 70.85858
35.07317 70.85872
35.07381 70.8585
35.07642 70.85842
35.07683 70.85797
35.06847 70.83861
35.06789 70.83742
35.06789 70.84244
35.06817 70.84244
35.0685 70.83781
35.06975 70.83417
35.09853 70.86608
35.09881 70.86717
35.09897 70.86519
35.09897 70.86822
35.09922 70.86836
35.09969 70.86956
35.09986 70.87125
35.02442 70.86442
35.02456 70.87056
35.02467 70.87208
35.02483 70.87436
35.02506 70.87356
-3.57 128.32
-3.57 128.32
-3.57 128.32
-3.57 128.32
-3.57 128.32
-6.4 106.8
-3.33 128.35
-3.33 128.35
-3.33 128.35
-3.33 128.35
-3.33 128.35
-6.17 106.75
4.12 98.22
2.72 98.9
-8.6 120.47
-21.38 47.87
22.0675 96.56352
22.0675 96.56352
22.0675 96.56352
22.0675 96.56352
22.0675 96.56352
22.0675 96.56352
22.0675 96.56352
22.0675 96.56352
9.7167 124.1167
9.3833 123.1833
13.67 123.33
9.25 123.2333
9.25 123.2333
11.8 124.3
22.67 121.48
22.67 121.48
22.67 121.48
25.15 121.55
25.15 121.55
